299,2,297,299
298,3,295,298
298,4,294,298
295,5,290,295
293,6,287,293
293,7,286,293
292,8,284,292
289,9,280,289
288,10,278,288
288,11,277,288
287,12,275,287
284,13,271,284
283,14,269,283
280,15,265,280
279,16,263,279
279,17,262,279
278,18,260,278
276,19,257,276
275,20,255,275
273,21,252,273
273,22,251,273
271,23,248,271
271,24,247,271
270,25,245,270
269,26,243,269
268,27,241,268
268,28,240,268
266,29,237,266
257,30,227,257
253,31,222,253
253,32,221,253
253,33,220,253
252,34,218,252
251,35,216,251
251,36,215,251
251,37,214,251
251,38,213,251
249,39,210,249
247,40,207,247
247,41,206,247
247,42,205,247
244,43,201,244
244,44,200,244
244,45,199,244
244,46,198,244
238,47,191,238
236,48,188,236
236,49,187,236
236,50,186,236
234,51,183,234
230,52,178,230
228,53,175,228
215,54,161,215
204,55,149,204
203,56,147,203
202,57,145,202
200,58,142,200
200,59,141,200
200,60,140,200
200,61,139,200
200,62,138,200
200,63,137,200
200,64,136,200
200,65,135,200
200,66,134,200
200,67,133,200
200,68,132,200
198,69,129,198
198,70,128,198
198,71,127,198
198,72,126,198
198,73,125,198
198,74,124,198
198,75,123,198
198,76,122,198
198,77,121,198
198,78,120,198
198,79,119,198
198,80,118,198
198,81,117,198
198,82,116,198
198,83,115,198
198,84,114,198
198,85,113,198
198,86,112,198
198,87,111,198
198,88,110,198
198,89,109,198
198,90,108,198
198,91,107,198
198,92,106,198
198,93,105,198
198,94,104,198
198,95,103,198
198,96,102,198
198,97,101,198
196,98,98,196
197,99,98,197
100,100,0,100
